episodes:[2000, 4000, 6000, 8000, 10000, 12000, 14000, 16000, 18000, 20000, 22000, 24000, 26000, 28000, 30000, 32000, 34000, 36000, 38000, 40000, 42000, 44000, 46000, 48000, 50000, 52000, 54000, 56000, 58000, 60000, 62000, 64000, 66000, 68000, 70000, 72000, 74000, 76000, 78000, 80000, 82000, 84000, 86000, 88000, 90000, 92000, 94000, 96000, 98000, 100000, 102000, 104000, 106000, 108000, 110000, 112000, 114000, 116000, 118000, 120000, 122000, 124000, 126000, 128000, 130000, 132000, 134000, 136000, 138000, 140000, 142000, 144000, 146000, 148000, 150000, 152000, 154000, 156000, 158000, 160000, 162000, 164000, 166000, 168000, 170000, 172000, 174000, 176000, 178000, 180000, 182000, 184000, 186000, 188000, 190000, 192000, 194000, 196000, 198000, 200000]
rewards:[0.02301150575287644, 0.0255, 0.019, 0.0205, 0.0245, 0.027, 0.031, 0.0255, 0.027, 0.03, 0.014, 0.024, 0.032, 0.0175, 0.0255, 0.0215, 0.03, 0.0205, 0.02, 0.0225, 0.0245, 0.0225, 0.0235, 0.0205, 0.0235, 0.0275, 0.027, 0.0255, 0.02, 0.027, 0.0225, 0.0235, 0.0235, 0.026, 0.022, 0.0185, 0.0365, 0.0435, 0.049, 0.038, 0.0395, 0.048, 0.048, 0.047, 0.0425, 0.0415, 0.043, 0.045, 0.0385, 0.0465, 0.0555, 0.0645, 0.0695, 0.0645, 0.0785, 0.065, 0.0605, 0.0655, 0.0715, 0.0785, 0.071, 0.0705, 0.062, 0.069, 0.0665, 0.0745, 0.074, 0.0625, 0.0795, 0.0575, 0.068, 0.0695, 0.073, 0.066, 0.074, 0.0695, 0.0675, 0.0655, 0.0665, 0.0755, 0.0645, 0.0765, 0.0715, 0.065, 0.0645, 0.0635, 0.068, 0.073, 0.0645, 0.0735, 0.0645, 0.0705, 0.077, 0.0675, 0.073, 0.068, 0.063, 0.0685, 0.0755, 0.078]
time_consumption:[0.014973900209611032, 0.014955267548561095, 0.014588523268699647, 0.01506147015094757, 0.014742824435234069, 0.015038814425468445, 0.014483328461647033, 0.014275438785552978, 0.015563266277313232, 0.015090749025344848, 0.014768134832382202, 0.014923893570899963, 0.01494173812866211, 0.014704590320587158, 0.014873419404029847, 0.014695334672927857, 0.014703744053840638, 0.015285566449165344, 0.014519093990325927, 0.015447400927543641, 0.014741898894309997, 0.014591047167778015, 0.01527389132976532, 0.015135976552963257, 0.014912102937698363, 0.015138227343559265, 0.0148335143327713, 0.014959458827972411, 0.014776909470558167, 0.01522503137588501, 0.014760146260261536, 0.014979652643203735, 0.014952759265899658, 0.014863124370574951, 0.015084064483642579, 0.014685590028762817, 0.020251794695854187, 0.023671326518058776, 0.023465189814567567, 0.023042323350906373, 0.02279452645778656, 0.02322820806503296, 0.02319067680835724, 0.022980926752090455, 0.02302648413181305, 0.02374818229675293, 0.022778519868850707, 0.023614425778388976, 0.02290267503261566, 0.02295452582836151, 0.026991582036018372, 0.03147030794620514, 0.031274810552597045, 0.031035966992378233, 0.031244519829750062, 0.03042546308040619, 0.03135966730117798, 0.03046979737281799, 0.030619118452072144, 0.031048410177230836, 0.03131799554824829, 0.03208960247039795, 0.03334315812587738, 0.03262194967269898, 0.03385246956348419, 0.03416492474079132, 0.034421341896057125, 0.03391601991653442, 0.03342862045764923, 0.033691794991493225, 0.032416552424430846, 0.03305377972126007, 0.032419689893722535, 0.030707710623741148, 0.029304886221885682, 0.02868194031715393, 0.029434162616729737, 0.028836617469787596, 0.03054074728488922, 0.03252151620388031, 0.031086898684501648, 0.03190716826915741, 0.03278481435775757, 0.031409793138504026, 0.031489089608192446, 0.030664737105369568, 0.03217128562927246, 0.03212778127193451, 0.029535969257354737, 0.028714111924171448, 0.02829164469242096, 0.028201869487762453, 0.028808809757232667, 0.028031787157058716, 0.029009072542190553, 0.028450161933898925, 0.028040182709693908, 0.028365817189216613, 0.027443004369735718, 0.02885875117778778]