episodes:[1000, 2000, 3000, 4000, 5000, 6000, 7000, 8000, 9000, 10000, 11000, 12000, 13000, 14000, 15000, 16000, 17000, 18000, 19000, 20000, 21000, 22000, 23000, 24000, 25000, 26000, 27000, 28000, 29000, 30000, 31000, 32000, 33000, 34000, 35000, 36000, 37000, 38000, 39000, 40000, 41000, 42000, 43000, 44000, 45000, 46000, 47000, 48000, 49000, 50000, 51000, 52000, 53000, 54000, 55000, 56000, 57000, 58000, 59000, 60000, 61000, 62000, 63000, 64000, 65000, 66000, 67000, 68000, 69000, 70000, 71000, 72000, 73000, 74000, 75000, 76000, 77000, 78000, 79000, 80000, 81000, 82000, 83000, 84000, 85000, 86000, 87000, 88000, 89000, 90000, 91000, 92000, 93000, 94000, 95000, 96000, 97000, 98000, 99000, 100000]
rewards:[0.18518518518518517, 0.209, 0.205, 0.193, 0.189, 0.2, 0.217, 0.216, 0.176, 0.218, 0.217, 0.196, 0.209, 0.191, 0.215, 0.188, 0.199, 0.233, 0.22, 0.21, 0.205, 0.197, 0.216, 0.209, 0.208, 0.211, 0.2, 0.196, 0.219, 0.183, 0.224, 0.211, 0.198, 0.221, 0.201, 0.204, 0.191, 0.196, 0.19, 0.206, 0.213, 0.208, 0.22, 0.205, 0.213, 0.215, 0.197, 0.194, 0.198, 0.202, 0.204, 0.234, 0.214, 0.193, 0.198, 0.216, 0.242, 0.193, 0.193, 0.199, 0.19, 0.198, 0.221, 0.204, 0.204, 0.208, 0.194, 0.2, 0.206, 0.183, 0.207, 0.199, 0.194, 0.193, 0.212, 0.213, 0.205, 0.195, 0.206, 0.18, 0.19, 0.2, 0.208, 0.231, 0.207, 0.188, 0.201, 0.195, 0.217, 0.199, 0.206, 0.198, 0.209, 0.188, 0.183, 0.213, 0.2, 0.209, 0.183, 0.196]
time_consumption:[0.029618858933090804, 0.026943021535873413, 0.027096994876861572, 0.02619753623008728, 0.033411678791046145, 0.03511420321464539, 0.03396651482582092, 0.033045251846313475, 0.034046637058258056, 0.03323431062698364, 0.03434272313117981, 0.03288538908958435, 0.03305148339271546, 0.03237926864624024, 0.0321920337677002, 0.03264932608604431, 0.03233008718490601, 0.0322517774105072, 0.03342171740531921, 0.032341933727264405, 0.030914910078048707, 0.031539792776107786, 0.03317301034927368, 0.03276064610481262, 0.03282917070388794, 0.03313056778907776, 0.03329017472267151, 0.03199943232536316, 0.03233325362205505, 0.03352562427520752, 0.03374075722694397, 0.033463328123092655, 0.0316150267124176, 0.03316867733001709, 0.03230311226844788, 0.032866763353347775, 0.03311968231201172, 0.03260768961906433, 0.03241057109832764, 0.032702680110931394, 0.03161739420890808, 0.032444595336914066, 0.03151068878173828, 0.03163563942909241, 0.03264954328536987, 0.033654486894607545, 0.03286563086509704, 0.03171896553039551, 0.03181406593322754, 0.031564131259918214, 0.032098639249801636, 0.03311020016670227, 0.03324524831771851, 0.031477002143859865, 0.03301256132125854, 0.0346517288684845, 0.032327423810958864, 0.026642926931381226, 0.02768336868286133, 0.028340710639953613, 0.03438088059425354, 0.034122214555740354, 0.03491987419128418, 0.03327463221549988, 0.03309311413764954, 0.03348808765411377, 0.031461565732955936, 0.035310622215270995, 0.032266126155853274, 0.034535811424255373, 0.03249522686004638, 0.03370526170730591, 0.03307126045227051, 0.03259428715705871, 0.03273083305358887, 0.03268396329879761, 0.031983046054840085, 0.03235039401054382, 0.03212978267669678, 0.033911855459213255, 0.03300069379806519, 0.03280443692207336, 0.031923908948898315, 0.03260708475112915, 0.03134695243835449, 0.033118197917938234, 0.03287651228904724, 0.03416334629058838, 0.03276040363311768, 0.03259146285057068, 0.03155639672279358, 0.030366036653518676, 0.03260053610801697, 0.031982046604156496, 0.03163810515403748, 0.03395715308189392, 0.03140917110443115, 0.03340196394920349, 0.031102461338043213, 0.03202361798286438]