episodes:[10000, 20000, 30000, 40000, 50000, 60000, 70000, 80000, 90000, 100000, 110000, 120000, 130000, 140000, 150000, 160000, 170000, 180000, 190000, 200000, 210000, 220000, 230000, 240000, 250000, 260000, 270000, 280000, 290000, 300000, 310000, 320000, 330000, 340000, 350000, 360000, 370000, 380000, 390000, 400000, 410000, 420000, 430000, 440000, 450000, 460000, 470000, 480000, 490000, 500000, 510000, 520000, 530000, 540000, 550000, 560000, 570000, 580000, 590000, 600000, 610000, 620000, 630000, 640000, 650000, 660000, 670000, 680000, 690000, 700000, 710000, 720000, 730000, 740000, 750000, 760000, 770000, 780000, 790000, 800000, 810000, 820000, 830000, 840000, 850000, 860000, 870000, 880000, 890000, 900000, 910000, 920000, 930000, 940000, 950000, 960000, 970000, 980000, 990000, 1000000]
rewards:[0.037003700370037, 0.0388, 0.0391, 0.0394, 0.0404, 0.0384, 0.0388, 0.0389, 0.0416, 0.0424, 0.0378, 0.0413, 0.0381, 0.0391, 0.0419, 0.043, 0.0418, 0.0423, 0.0414, 0.0431, 0.0402, 0.0406, 0.0408, 0.0421, 0.0394, 0.0394, 0.0402, 0.0445, 0.041, 0.0423, 0.0399, 0.0373, 0.0411, 0.0424, 0.0368, 0.039, 0.0384, 0.0413, 0.0414, 0.0395, 0.0384, 0.0399, 0.0393, 0.0402, 0.0391, 0.0392, 0.0374, 0.0412, 0.0413, 0.0376, 0.042, 0.04, 0.0417, 0.0393, 0.039, 0.0389, 0.0419, 0.0365, 0.0405, 0.0393, 0.0412, 0.0412, 0.0425, 0.0411, 0.0416, 0.0405, 0.0387, 0.0387, 0.0384, 0.0411, 0.042, 0.0417, 0.0387, 0.0387, 0.042, 0.0402, 0.0424, 0.0399, 0.0404, 0.0401, 0.0378, 0.0389, 0.0377, 0.0401, 0.0378, 0.0397, 0.0421, 0.0393, 0.0425, 0.0415, 0.0425, 0.0416, 0.0407, 0.0424, 0.0432, 0.0532, 0.0666, 0.0617, 0.063, 0.0648]
time_consumption:[0.01106410038949299, 0.010855033016204834, 0.010917500495910644, 0.010688150787353516, 0.010525094485282898, 0.010556945037841797, 0.010688768076896667, 0.010680096888542176, 0.010637404561042786, 0.010777560925483704, 0.010609206533432006, 0.010625250625610351, 0.01045942325592041, 0.01067381055355072, 0.010614429354667663, 0.010626509022712708, 0.010607402110099792, 0.010585721254348755, 0.010793333721160888, 0.010570435047149659, 0.010683844304084778, 0.01070894055366516, 0.010621489381790162, 0.010648312497138978, 0.010664755058288575, 0.010562548685073853, 0.010777076387405396, 0.010667419338226318, 0.010651454257965088, 0.010712307691574097, 0.010727394723892211, 0.010721696996688844, 0.010614663124084473, 0.010540524244308472, 0.010588513541221619, 0.01062401192188263, 0.010608789801597596, 0.01071717767715454, 0.010638806033134461, 0.010594414329528809, 0.010699433493614198, 0.010575519514083863, 0.010576023817062378, 0.010636986780166627, 0.0105219801902771, 0.010604900360107422, 0.010555663418769836, 0.01055225031375885, 0.01057495973110199, 0.010521895790100098, 0.010805127501487733, 0.010703053879737854, 0.010665164422988892, 0.010457999181747437, 0.010721967267990112, 0.010604125690460205, 0.010510061597824097, 0.010620783066749573, 0.010655275845527648, 0.01065456235408783, 0.01059678144454956, 0.010552866911888123, 0.010580357480049133, 0.010606918454170227, 0.010629014444351196, 0.010532582855224609, 0.010582561850547791, 0.010606511330604553, 0.010669963884353638, 0.010532745695114136, 0.010763789319992065, 0.010543882465362548, 0.010462372541427612, 0.010557355761528015, 0.010572466611862183, 0.010553240513801574, 0.010658482527732849, 0.010513480353355408, 0.010612741327285766, 0.01051119692325592, 0.010492880129814149, 0.010648388648033143, 0.01046249279975891, 0.010624219608306885, 0.010560219788551331, 0.010603134107589722, 0.010582550406455993, 0.010589154672622681, 0.01066758406162262, 0.010525231766700744, 0.01075963864326477, 0.010557197332382202, 0.010646766018867493, 0.010566503763198853, 0.010755583786964416, 0.012928286600112915, 0.014822201561927796, 0.01474998104572296, 0.01471857135295868, 0.014547643685340882]