score_orig_1:0.845691382766
score_pca_1:0.831663326653
score_ica_1:0.823647294589
score_grp_1:0.825651302605
score_fa_1:0.827655310621
score_orig_2:0.6375
score_pca_2:0.63
score_ica_2:0.613333333333
score_grp_2:0.620833333333
score_fa_2:0.626666666667
