score_orig_1:0.845691382766
score_pca_1:0.833667334669
score_ica_1:0.825651302605
score_grp_1:0.785571142285
score_fa_1:0.827655310621
score_orig_2:0.6375
score_pca_2:0.631666666667
score_ica_2:0.615833333333
score_grp_2:0.606666666667
score_fa_2:0.626666666667
