score_orig_1:0.845691382766
score_km_1:0.340681362725
score_gmm_1:0.228456913828
score_orig_2:0.6375
score_km_2:0.241666666667
score_gmm_2:0.206666666667
