score_orig_1:0.845691382766
score_km_1:0.288577154309
score_gmm_1:0.22244488978
score_orig_2:0.6375
score_km_2:0.386666666667
score_gmm_2:0.286666666667
