score_orig_1:0.845691382766
score_pca_1:0.809619238477
score_ica_1:0.810220440882
score_grp_1:0.751503006012
score_fa_1:0.707414829659
score_orig_2:0.6375
score_pca_2:0.620833333333
score_ica_2:0.6475
score_grp_2:0.618333333333
score_fa_2:0.623333333333
